00000000000000000000000000000000
00000000000000000000000000000001
00000000000000000000000000000011
00000000000000000000000000000111
00000000000000000000000000001111
00000000000000000000000000011111
00000000000000000000000000111111
00000000000000000000000001111111
00000000000000000000000011111111
00000000000000000000000111111111
00000000000000000000001111111111
00000000000000000000011111111111
00000000000000000000111111111111
00000000000000000001111111111111
00000000000000000011111111111111
00000000000000000111111111111111
10000000000000000111111111111110
01000100000000000111111111111111
00000000100000000111011111111111
01000000000000000011111111111110
10101000000000000111111111111111
10000000001000000111111111111110


