11100001110001111001011100111110
10011101011110110111011111110001
11100111110101111011111110011111
01111111011111111100000011111111
11100000100101111111001000101001
11111000001111111110000101010000
00000000111111111111111000100000
00001000000111111111111110000000
xxxx
00000000000000000000000000000000
00000000000000000000000000000001
00000000000000000000000000000011
00000000000000000000000000000111
00000000000000000000000000001111
00000000000000000000000000011111
00000000000000000000000000111111
00000000000000000000000001111111
00000000000000000000000011111111
00000000000000000000000111111111
00000000000000000000001111111111
00000000000000000000011111111111
00000000000000000000111111111111
00000000000000000001111111111111
00000000000000000011111111111111
00000000000000000111111111111111