11100001110001111001011100111110
10011101011110110111011111110001
11100111110101111011111110011111
01111111011111110100000110100000
01000010101000000100001010100001
01000010101100010101100010011010
01001101101011110100110111101110
xxxx
00000000000000000000000000000000
00000000000000000000000000000001
00000000000000000000000000000011
00000000000000000000000000000111
00000000000000000000000000001111
00000000000000000000000000011111
00000000000000000000000000111111
00000000000000000000000001111111
00000000000000000000000011111111
00000000000000000000000111111111
00000000000000000000001111111111
00000000000000000000011111111111
00000000000000000000111111111111
00000000000000000001111111111111
00000000000000000011111111111111
00000000000000000111111111111111