00000000000000000000000000000000
00000000000000000000000000000001
00000000000000000000000000000011
00000000000000000000000000000111
00000000000000000000000000001111
00000000000000000000000000011111
00000000000000000000000000111111
00000000000000000000000001111111
00000000000000000000000011111111
00000000000000000000000111111111
00000000000000000000001111111111
00000000000000000000011111111111
00000000000000000000111111111111
00000000000000000001111111111111
00000000000000000011111111111111
00000000000000000111111111111111
01010000000000000000000000000000
00101000000000000000000000000000
00101000000000000000000000000001
00101100000000000000000000000001
00000000000000000000001101101111
00000000000001010111111111111111
00000000000001110011111111111111